Familien m<=2000 (m=7 mod 8, quadratfrei): 206 | 2-adisch tot (T1 ungerade): 52 | Leiter gebaut: 140 | steckengeblieben: 14

 m    k0   Stellen(T_k0)  Zeugen1        k1            Stellen(T_k1)   Zeugen2         log10(Stellen T_k2)
    7     7            8   [29, 197, 2857] 114254287            1.38e+08   [233, 2437, 4729]     17.6
   15    15           14   [19, 61, 199]  3459615              3.12e+06   [229, 379, 1381]     14.6
   23    23           39   [3, 461]       31809                5.35e+04   [13, 59, 277]       10.1
   31    31          108   [5, 19, 1861]  5480645              1.91e+07   [379, 479, 521]     15.3
   47    47           93   [3, 13537]     1908717              3.78e+06   [37, 83]            10.1
   71    71          273   [3, 5, 29]     30885                1.19e+05   [19, 101, 179]      10.6
   79    79          174   [5, 317, 2213] 277100795            6.11e+08   [19, 241, 3803]     16.0
   87    29           51   [7, 463, 811]  76225079             1.33e+08   [223, 4177]         14.1
  103   103          583   [7, 17, 239]   2929423              1.66e+07   [29, 419, 953]      14.3
  119   119          283   [3, 5, 67]     119595               2.85e+05   [61, 73, 139]       11.2
  127   127          886   [17, 509, 1087] 1194537997           8.33e+09   [3557, 4073, 4349]     20.7
  143   143          197   [3, 53, 103]   2341911              3.23e+06   [157, 191, 467]     13.7
  151   151         1440   [5, 19, 547]   7846715              7.48e+07   [227, 457, 911]     15.8
  159    53          181   [211, 331, 4663] 17260434899          5.91e+10   []                     -
  167   167          422   [3, 7]         3507                 8.86e+03   [29, 311, 419]      10.5
  191   191         1386   [3, 1499, 3821] 3281960067           2.38e+10   [13, 193, 1223]     16.9
  199   199         2092   [5, 7, 43]     299495               3.15e+06   [29, 79, 139]       12.0
  215   215          418   [11, 1721, 5519] 22463240635          4.37e+10   [659, 9461, 10859]     21.5
  223   223          591   [7]            1561                 4.14e+03   [29, 701]            7.9
  231   231          504   [13, 19, 307]  17516499             3.82e+07   [379, 1063, 1093]     16.2
  239   239         1695   [3, 5, 83]     297555               2.11e+06   [11, 61, 311]       11.6
  247   247         1292   [6917, 8893, 15809] 240196912525063       1.26e+15   []                     -
  255   255          384   [19, 137, 409] 271479885            4.09e+08   [151, 229, 1021]     16.2
  263   263         1432   [3, 11, 17]    147543               8.03e+05   [13, 31, 43]        10.1
  271   271         3080   [139, 3253]    122537257            1.39e+09   []                     -
   ... (129 weitere Familien)

Stufe-2-Turm erreicht fuer 140 Familien. Kleinste Stufe-2-Schranke: 8.41e+07 Stellen (= 84 Mio Stellen; Lesart korrigiert 03.09.)  (m=223)
Kleinste Stufe-1-Schranke: 4.14e+03 Stellen  (m=223)
STECKENGEBLIEBEN (kein Zeuge < 20000): [(159, 17260434899, 2), (247, 240196912525063, 2), (271, 122537257, 2), (719, 3219255554629, 2), (767, 40651, 2), (815, 2388074418715, 2), (951, 951, 1), (967, 1042560160613, 2), (1031, 12756563, 2), (1111, 31825388597299, 2), (1327, 894720461, 2), (1423, 866821873, 2), (1535, 4150333, 2), (1671, 557, 1)]
